1.001000055111944675e-03 4.989989995956420898e-01
2.489989995956420898e-01 4.989989995956420898e-01
1.001000055111944675e-03 2.510010004043579102e-01
2.489989995956420898e-01 4.989989995956420898e-01
2.489989995956420898e-01 2.510010004043579102e-01
1.001000055111944675e-03 2.510010004043579102e-01
4.989989995956420898e-01 1.001000404357910156e-03
2.510010004043579102e-01 1.001000404357910156e-03
4.989989995956420898e-01 2.489989995956420898e-01
2.510010004043579102e-01 1.001000404357910156e-03
2.510010004043579102e-01 2.489989995956420898e-01
4.989989995956420898e-01 2.489989995956420898e-01
4.989989995956420898e-01 2.510010004043579102e-01
2.510010004043579102e-01 2.510010004043579102e-01
4.989989995956420898e-01 4.989989995956420898e-01
2.510010004043579102e-01 2.510010004043579102e-01
2.510010004043579102e-01 4.989989995956420898e-01
4.989989995956420898e-01 4.989989995956420898e-01
5.010010004043579102e-01 4.989989995956420898e-01
7.489989995956420898e-01 4.989989995956420898e-01
5.010010004043579102e-01 2.510010004043579102e-01
7.489989995956420898e-01 4.989989995956420898e-01
7.489989995956420898e-01 2.510010004043579102e-01
5.010010004043579102e-01 2.510010004043579102e-01
7.489989995956420898e-01 1.001000404357910156e-03
5.010010004043579102e-01 1.001000404357910156e-03
7.489989995956420898e-01 2.489989995956420898e-01
5.010010004043579102e-01 1.001000404357910156e-03
5.010010004043579102e-01 2.489989995956420898e-01
7.489989995956420898e-01 2.489989995956420898e-01
4.989989995956420898e-01 5.010010004043579102e-01
2.510010004043579102e-01 5.010010004043579102e-01
4.989989995956420898e-01 7.489989995956420898e-01
2.510010004043579102e-01 5.010010004043579102e-01
2.510010004043579102e-01 7.489989995956420898e-01
4.989989995956420898e-01 7.489989995956420898e-01
1.001000055111944675e-03 2.489989995956420898e-01
2.489989995956420898e-01 2.489989995956420898e-01
1.001000055111944675e-03 1.001000404357910156e-03
2.489989995956420898e-01 2.489989995956420898e-01
2.489989995956420898e-01 1.001000404357910156e-03
1.001000055111944675e-03 1.001000404357910156e-03
2.489989995956420898e-01 5.010010004043579102e-01
1.001000055111944675e-03 5.010010004043579102e-01
2.489989995956420898e-01 7.489989995956420898e-01
1.001000055111944675e-03 5.010010004043579102e-01
1.001000055111944675e-03 7.489989995956420898e-01
2.489989995956420898e-01 7.489989995956420898e-01
7.489989995956420898e-01 5.010010004043579102e-01
5.010010004043579102e-01 5.010010004043579102e-01
7.489989995956420898e-01 7.489989995956420898e-01
5.010010004043579102e-01 5.010010004043579102e-01
5.010010004043579102e-01 7.489989995956420898e-01
7.489989995956420898e-01 7.489989995956420898e-01
7.489989995956420898e-01 7.510010004043579102e-01
5.010010004043579102e-01 7.510010004043579102e-01
7.489989995956420898e-01 9.989989995956420898e-01
5.010010004043579102e-01 7.510010004043579102e-01
5.010010004043579102e-01 9.989989995956420898e-01
7.489989995956420898e-01 9.989989995956420898e-01
4.989989995956420898e-01 7.510010004043579102e-01
2.510010004043579102e-01 7.510010004043579102e-01
4.989989995956420898e-01 9.989989995956420898e-01
2.510010004043579102e-01 7.510010004043579102e-01
2.510010004043579102e-01 9.989989995956420898e-01
4.989989995956420898e-01 9.989989995956420898e-01
2.489989995956420898e-01 7.510010004043579102e-01
1.001000055111944675e-03 7.510010004043579102e-01
2.489989995956420898e-01 9.989989995956420898e-01
1.001000055111944675e-03 7.510010004043579102e-01
1.001000055111944675e-03 9.989989995956420898e-01
2.489989995956420898e-01 9.989989995956420898e-01
9.989989995956420898e-01 2.510010004043579102e-01
7.510010004043579102e-01 2.510010004043579102e-01
9.989989995956420898e-01 4.989989995956420898e-01
7.510010004043579102e-01 2.510010004043579102e-01
7.510010004043579102e-01 4.989989995956420898e-01
9.989989995956420898e-01 4.989989995956420898e-01
